>>06/15/2026 11:14:41 PM
REGRESSION
----------
SUMMARY OF OUTPUT: ORDINARY LEAST SQUARES ESTIMATION
Data set            :  districts_v5
Dependent Variable  :    stunting  Number of Observations:  515
Mean dependent var  :      22.727  Number of Variables   :    3
S.D. dependent var  :     8.13211  Degrees of Freedom    :  512 

R-squared           :    0.270717  F-statistic           :     95.0296
Adjusted R-squared  :    0.267868  Prob(F-statistic)     : 7.96936e-36
Sum squared residual:     24837.6  Log likelihood        :    -1728.81
Sigma-square        :      48.511  Akaike info criterion :     3463.62
S.E. of regression  :     6.96499  Schwarz criterion     :     3476.35
Sigma-square ML     :     48.2284
S.E of regression ML:     6.94467

-----------------------------------------------------------------------------
       Variable      Coefficient      Std.Error    t-Statistic   Probability
-----------------------------------------------------------------------------
          CONSTANT       16.9583       0.566704        29.9244     0.00000
          log_pusk      -6.97862        3.85562       -1.80998     0.07088
        poverty_ra      0.575957      0.0438774        13.1265     0.00000
-----------------------------------------------------------------------------

REGRESSION DIAGNOSTICS  
MULTICOLLINEARITY CONDITION NUMBER   3.424558
TEST ON NORMALITY OF ERRORS
TEST                  DF           VALUE             PROB
Jarque-Bera            2             2.9782          0.22558

DIAGNOSTICS FOR HETEROSKEDASTICITY  
RANDOM COEFFICIENTS
TEST                  DF           VALUE             PROB
Breusch-Pagan test     2             7.8294          0.01995
Koenker-Bassett test   2             7.0363          0.02965
SPECIFICATION ROBUST TEST
TEST                  DF           VALUE             PROB
White                  5            10.5844          0.06027

DIAGNOSTICS FOR SPATIAL DEPENDENCE   
FOR WEIGHT MATRIX : districts_k8
   (row-standardized weights)
TEST                          MI/DF        VALUE          PROB
Moran's I (error)             0.2761       13.8211        0.00000
Lagrange Multiplier (lag)       1         163.9274        0.00000
Robust LM (lag)                 1          12.6831        0.00037
Lagrange Multiplier (error)     1         172.2481        0.00000
Robust LM (error)               1          21.0037        0.00000
Lagrange Multiplier (SARMA)     2         184.9312        0.00000

COEFFICIENTS VARIANCE MATRIX
   CONSTANT    log_pusk  poverty_ra 
   0.321153   -0.658639   -0.020536 
  -0.658639   14.865833    0.030110 
  -0.020536    0.030110    0.001925 


  OBS        stunting        PREDICTED        RESIDUAL
    1         25.60000        25.88309        -0.28309
    2         36.20000        24.56677        11.63323
    3         32.30000        23.31294         8.98706
    4         31.00000        22.93093         8.06907
    5         34.20000        22.65447        11.54553
    6         34.20000        26.78608         7.41392
    7         27.40000        23.19526         4.20474
    8         31.40000        24.03677         7.36323
    9         30.90000        22.59112         8.30888
   10         36.70000        23.43073        13.26927
   11         19.20000        25.15142        -5.95142
   12         16.90000        20.57683        -3.67683
   13         27.00000        20.38419         6.61581
   14         37.40000        27.49013         9.90987
   15         13.90000        21.09363        -7.19363
   16         28.30000        33.35464        -5.05464
   17          7.20000        17.93113       -10.73113
   18         16.00000        19.58126        -3.58126
   19         24.10000        20.38114         3.71886
   20         30.80000        22.61582         8.18418
   21         28.70000        20.54478         8.15522
   22         28.40000        23.57600         4.82400
   23         26.60000        24.26854         2.33146
   24         21.20000        19.66870         1.53130
   25         19.90000        18.63761         1.26239
   26         24.60000        19.35612         5.24388
   27         21.20000        20.81717         0.38283
   28         17.60000        27.45876        -9.85876
   29          8.30000        19.71368       -11.41368
   30         32.30000        18.51664        13.78336
   31         20.60000        24.59479        -3.99479
   32         24.30000        21.32826         2.97174
   33         16.50000        23.00407        -6.50407
   34         16.80000        16.95826        -0.15826
   35         19.60000        23.34016        -3.74016
   36         17.60000        20.43277        -2.83277
   37         16.50000        19.41479        -2.91479
   38         33.30000        19.79458        13.50542
   39         21.70000        20.42613         1.27387
   40         20.40000        20.12846         0.27154
   41         26.90000        21.53694         5.36306
   42         20.70000        21.42058        -0.72058
   43         18.40000        16.93781         1.46219
   44         23.00000        22.75189         0.24811
   45         18.20000        19.34230        -1.14230
   46         18.10000        20.66128        -2.56128
   47         17.10000        20.81141        -3.71141
   48         44.30000        24.23250        20.06750
   49         32.80000        26.28511         6.51489
   50         12.50000        20.45441        -7.95441
   51         23.40000        20.31354         3.08646
   52         18.30000        26.00658        -7.70658
   53         23.40000        22.56192         0.83808
   54         20.70000        22.75503        -2.05503
   55         23.40000        19.51318         3.88682
   56         20.60000        31.77763       -11.17763
   57         23.80000        24.16008        -0.36008
   58         16.30000        19.69498        -3.39498
   59         27.10000        22.86735         4.23265
   60         17.80000        21.29829        -3.49829
   61         21.70000        23.04832        -1.34832
   62          8.00000        26.38286       -18.38286
   63         18.90000        20.50336        -1.60336
   64         12.00000        23.52789       -11.52789
   65         19.30000        20.96996        -1.66996
   66         23.60000        22.98984         0.61016
   67         18.80000        19.98996        -1.18996
   68         26.30000        21.06363         5.23637
   69         24.70000        22.79634         1.90366
   70         11.20000        23.96701       -12.76701
   71         26.00000        22.20911         3.79089
   72         23.00000        24.49733        -1.49733
   73         30.20000        29.60628         0.59372
   74         24.50000        21.93676         2.56324
   75         23.10000        25.09605        -1.99605
   76         14.80000        19.92690        -5.12690
   77         25.20000        20.44262         4.75738
   78         15.90000        21.13669        -5.23669
   79         20.40000        19.93156         0.46844
   80         36.90000        24.14620        12.75380
   81         25.40000        25.66097        -0.26097
   82         39.70000        25.50167        14.19833
   83         28.80000        24.71064         4.08936
   84         38.90000        24.77398        14.12602
   85         31.80000        24.62623         7.17377
   86         30.50000        24.54860         5.95140
   87         20.30000        21.06885        -0.76885
   88          7.20000        22.59497       -15.39497
   89         15.60000        22.32417        -6.72417
   90         18.00000        22.60200        -4.60200
   91         29.00000        20.97844         8.02156
   92         30.60000        38.43570        -7.83570
   93         19.60000        18.74408         0.85592
   94         10.00000        23.14084       -13.14084
   95         20.50000        19.61103         0.88897
   96         55.80000        33.85684        21.94316
   97         19.80000        23.34966        -3.54966
   98         29.60000        25.40043         4.19957
   99         31.90000        22.99429         8.90571
  100         30.70000        29.22521         1.47479
  101         34.30000        22.96660        11.33340
  102         21.00000        28.39175        -7.39175
  103         31.30000        23.20076         8.09924
  104         14.20000        22.33954        -8.13954
  105         20.60000        26.61706        -6.01706
  106          5.40000        19.03783       -13.63783
  107         28.30000        25.52135         2.77865
  108         25.60000        26.11022        -0.51022
  109         17.00000        20.72893        -3.72893
  110         15.20000        22.65578        -7.45578
  111         25.60000        23.06690         2.53310
  112         14.10000        20.11375        -6.01375
  113         19.70000        16.92051         2.77949
  114         22.10000        21.50209         0.59791
  115         32.30000        19.72689        12.57311
  116         19.70000        22.23402        -2.53402
  117         24.30000        23.02562         1.27438
  118         21.80000        19.46162         2.33838
  119         19.80000        18.71016         1.08984
  120         19.60000        19.80230        -0.20230
  121         27.60000        19.60664         7.99336
  122         18.30000        21.45072        -3.15072
  123         25.00000        19.80770         5.19230
  124         20.00000        20.31431        -0.31431
  125          9.80000        23.29859       -13.49859
  126         48.40000        39.54154         8.85846
  127         22.50000        24.46100        -1.96100
  128         41.30000        33.70178         7.59822
  129         30.40000        21.91819         8.48181
  130          7.50000        19.45215       -11.95215
  131         37.00000        23.53569        13.46431
  132         15.60000        20.24533        -4.64533
  133         17.20000        21.56878        -4.36878
  134         20.20000        24.92296        -4.72296
  135         16.20000        20.57766        -4.37766
  136         22.50000        20.11082         2.38918
  137         23.60000        20.90821         2.69179
  138         17.40000        21.79906        -4.39906
  139         13.00000        20.55352        -7.55352
  140         17.60000        20.91672        -3.31672
  141         21.40000        19.92270         1.47730
  142         17.60000        20.78781        -3.18781
  143         19.60000        20.01083        -0.41083
  144         15.90000        26.06455       -10.16455
  145         23.80000        21.99279         1.80721
  146         18.00000        24.75365        -6.75365
  147          7.90000        22.53549       -14.63549
  148         24.40000        27.18726        -2.78726
  149         19.20000        21.73427        -2.53427
  150         19.90000        21.75022        -1.85022
  151         17.00000        22.77797        -5.77797
  152         15.80000        20.58228        -4.78228
  153         37.60000        30.21220         7.38780
  154         26.20000        24.56891         1.63109
  155         18.00000        28.76921       -10.76921
  156         24.20000        23.08026         1.11974
  157         25.70000        22.93809         2.76191
  158         22.50000        21.36433         1.13567
  159         11.60000        21.73421       -10.13421
  160         29.50000        16.95826        12.54174
  161         33.50000        33.08218         0.41782
  162         16.40000        21.23005        -4.83005
  163         17.90000        21.81910        -3.91910
  164         20.80000        23.17542        -2.37542
  165          5.20000        19.87535       -14.67535
  166         29.70000        22.82490         6.87510
  167         22.00000        24.19804        -2.19804
  168         23.60000        24.41114        -0.81114
  169         25.00000        24.30987         0.69013
  170         26.50000        25.26356         1.23644
  171         21.30000        23.39252        -2.09252
  172         27.00000        23.80639         3.19361
  173         17.40000        14.89451         2.50549
  174         20.30000        14.86960         5.43040
  175         14.90000        14.74221         0.15779
  176         16.40000        15.36862         1.03138
  177         19.70000        17.88938         1.81062
  178         19.70000        19.19745         0.50255
  179         24.80000        17.79800         7.00200
  180         23.70000        17.81154         5.88846
  181         14.80000        20.66375        -5.86375
  182         22.80000        17.33602         5.46398
  183         18.80000        19.74515        -0.94515
  184         15.40000        16.84484        -1.44484
  185         26.50000        18.27001         8.22999
  186         14.00000        19.02567        -5.02567
  187         24.50000        18.28930         6.21070
  188         29.80000        20.56755         9.23245
  189         11.70000        17.68860        -5.98860
  190         16.10000        23.50033        -7.40033
  191         28.40000        20.75673         7.64327
  192         25.60000        19.67102         5.92898
  193         25.10000        20.26237         4.83763
  194         11.40000        19.96577        -8.56577
  195         21.10000        18.83572         2.26428
  196         20.70000        18.46827         2.23173
  197         16.80000        18.85249        -2.05249
  198         19.00000        18.60421         0.39579
  199         22.30000        17.38744         4.91256
  200         14.90000        18.85419        -3.95419
  201         10.40000        17.51641        -7.11641
  202         12.50000        17.75139        -5.25139
  203         16.90000        18.72882        -1.82882
  204         31.20000        18.92585        12.27415
  205         17.40000        24.86870        -7.46870
  206         10.30000        21.02713       -10.72713
  207         24.10000        23.88702         0.21298
  208         17.60000        19.56030        -1.96030
  209         24.40000        19.03251         5.36749
  210         23.10000        19.91868         3.18132
  211         26.90000        20.81152         6.08848
  212         15.60000        21.90573        -6.30573
  213         20.80000        22.14763        -1.34763
  214         20.90000        16.92040         3.97960
  215         11.80000        19.19873        -7.39873
  216         15.30000        19.86344        -4.56344
  217         22.90000        17.68050         5.21950
  218         22.80000        17.60686         5.19314
  219         18.80000        19.05994        -0.25994
  220         23.50000        18.82540         4.67460
  221         15.40000        20.31001        -4.91001
  222         14.80000        20.57275        -5.77275
  223         11.70000        19.52992        -7.82992
  224         20.60000        18.84104         1.75896
  225         19.00000        19.25216        -0.25216
  226         30.30000        16.95826        13.34174
  227         20.00000        21.35976        -1.35976
  228         19.10000        19.03588         0.06412
  229         10.60000        21.64989       -11.04989
  230         22.70000        21.06814         1.63186
  231         25.60000        19.89055         5.70945
  232         17.30000        19.28803        -1.98803
  233         26.10000        19.13684         6.96316
  234         15.70000        19.16417        -3.46417
  235         18.30000        20.00045        -1.70045
  236         16.40000        19.71626        -3.31626
  237         19.30000        20.49463        -1.19463
  238         14.50000        18.65486        -4.15486
  239         12.20000        16.95826        -4.75826
  240         22.30000        18.22191         4.07809
  241         11.60000        22.55826       -10.95826
  242         23.10000        20.23545         2.86455
  243         23.40000        24.18829        -0.78829
  244         14.00000        16.76177        -2.76177
  245         20.30000        18.49296         1.80704
  246         20.00000        16.89834         3.10166
  247         11.20000        17.92186        -6.72186
  248         22.90000        20.10557         2.79443
  249         18.10000        22.87910        -4.77910
  250         21.90000        19.38541         2.51459
  251         18.60000        18.63429        -0.03429
  252         29.30000        24.20719         5.09281
  253         27.50000        24.94665         2.55335
  254         19.70000        20.24512        -0.54512
  255          8.00000        18.62994       -10.62994
  256          8.50000        16.89243        -8.39243
  257         16.20000        19.79195        -3.59195
  258         11.20000        19.64126        -8.44126
  259         10.50000        16.95643        -6.45643
  260          5.60000        23.10372       -17.50372
  261         12.90000        19.81232        -6.91232
  262         12.60000        19.69045        -7.09045
  263         19.60000        23.20163        -3.60163
  264         17.60000        21.99212        -4.39212
  265         18.00000        21.15123        -3.15123
  266         16.60000        18.83906        -2.23906
  267         16.60000        20.71683        -4.11683
  268         10.80000        19.43476        -8.63476
  269         25.20000        28.03732        -2.83732
  270         14.80000        16.42291        -1.62291
  271         23.20000        16.95378         6.24622
  272         16.50000        19.41539        -2.91539
  273         21.60000        20.31609         1.28391
  274         23.10000        20.97909         2.12091
  275         30.20000        19.25633        10.94367
  276         13.20000        20.63014        -7.43014
  277         18.00000        25.15967        -7.15967
  278         22.70000        23.13235        -0.43235
  279         39.50000        28.65492        10.84508
  280         27.60000        21.96268         5.63732
  281         14.30000        20.81729        -6.51729
  282         26.90000        21.60248         5.29752
  283         25.30000        16.95826         8.34174
  284         22.00000        16.95599         5.04401
  285         17.50000        16.95826         0.54174
  286         12.90000        24.84311       -11.94311
  287         18.30000        18.87345        -0.57345
  288          6.90000        23.85128       -16.95128
  289         20.50000        22.65768        -2.15768
  290         10.40000        23.88915       -13.48915
  291         15.50000        22.47863        -6.97863
  292         14.00000        23.94710        -9.94710
  293         20.00000        26.04163        -6.04163
  294         28.60000        22.08345         6.51655
  295         16.00000        21.80554        -5.80554
  296         35.40000        35.15274         0.24726
  297         32.40000        21.57898        10.82102
  298         22.70000        22.77124        -0.07124
  299         25.70000        30.35528        -4.65528
  300         26.60000        20.47160         6.12840
  301         19.80000        22.21099        -2.41099
  302         27.30000        23.67737         3.62263
  303         24.90000        22.99115         1.90885
  304         33.00000        24.71629         8.28371
  305         35.30000        28.81810         6.48190
  306         23.40000        21.84963         1.55037
  307         23.60000        23.27170         0.32830
  308         21.80000        20.29201         1.50799
  309         23.60000        23.14122         0.45878
  310         12.10000        22.91695       -10.81695
  311         19.30000        22.55603        -3.25603
  312         10.30000        22.14392       -11.84392
  313         23.20000        22.76891         0.43109
  314         18.00000        22.88589        -4.88589
  315         37.50000        24.43418        13.06582
  316         31.60000        24.71381         6.88619
  317         23.30000        21.99710         1.30290
  318         26.00000        20.15879         5.84121
  319         23.80000        32.88041        -9.08041
  320         27.00000        26.58166         0.41834
  321         28.10000        29.13180        -1.03180
  322         35.70000        24.81658        10.88342
  323         33.80000        37.16859        -3.36859
  324         42.00000        35.50408         6.49592
  325         38.70000        20.98420        17.71580
  326         31.50000        21.10656        10.39344
  327         22.20000        21.51408         0.68592
  328         41.00000        27.33650        13.66350
  329         31.10000        26.21649         4.88351
  330         38.80000        30.49901         8.30099
  331         23.50000        26.95325        -3.45325
  332         26.40000        32.20232        -5.80232
  333         29.90000        33.35000        -3.45000
  334         22.40000        21.98826         0.41174
  335         30.70000        33.66101        -2.96101
  336         35.20000        23.01019        12.18981
  337         28.60000        19.52990         9.07010
  338          9.60000        21.59144       -11.99144
  339         18.50000        23.47140        -4.97140
  340         11.10000        20.36792        -9.26792
  341         28.40000        24.84849         3.55151
  342         19.40000        20.30173        -0.90173
  343         28.10000        21.70131         6.39869
  344         27.40000        16.95826        10.44174
  345         21.90000        22.89638        -0.99638
  346         18.90000        20.36611        -1.46611
  347         15.20000        21.99263        -6.79263
  348         22.60000        22.93669        -0.33669
  349         20.40000        22.93669        -2.53669
  350         20.40000        22.39383        -1.99383
  351         18.80000        19.42748        -0.62748
  352         22.00000        22.74494        -0.74494
  353         25.00000        24.09262         0.90738
  354         28.40000        24.33077         4.06923
  355         15.80000        20.52047        -4.72047
  356         14.80000        22.69911        -7.89911
  357         19.30000        24.25335        -4.95335
  358         22.00000        25.74160        -3.74160
  359         21.70000        30.00250        -8.30250
  360         35.50000        25.83952         9.66048
  361         25.00000        23.97342         1.02658
  362         18.50000        19.72512        -1.22512
  363         36.00000        35.90149         0.09851
  364         28.90000        23.41648         5.48352
  365         22.80000        22.73616         0.06384
  366         11.40000        24.72325       -13.32325
  367         26.10000        25.30767         0.79233
  368         34.40000        29.90001         4.49999
  369         37.60000        26.26297        11.33703
  370         25.80000        28.92677        -3.12677
  371         21.70000        19.98738         1.71262
  372         27.40000        23.68817         3.71183
  373         24.30000        23.77759         0.52241
  374         22.00000        22.75836        -0.75836
  375         16.60000        22.23978        -5.63978
  376         17.40000        22.05919        -4.65919
  377         11.70000        24.41869       -12.71869
  378         25.20000        21.17426         4.02574
  379         30.00000        21.58895         8.41105
  380         26.60000        20.32298         6.27702
  381         27.50000        20.64438         6.85562
  382         22.30000        24.30446        -2.00446
  383         26.40000        21.84959         4.55041
  384         17.30000        21.53388        -4.23388
  385         25.20000        23.63936         1.56064
  386         29.60000        37.86863        -8.26863
  387         22.30000        24.73824        -2.43824
  388         29.10000        20.42016         8.67984
  389         26.60000        20.58679         6.01321
  390         36.70000        16.95826        19.74174
  391         23.40000        21.62527         1.77473
  392         26.10000        21.67286         4.42714
  393         16.50000        21.67757        -5.17757
  394         39.30000        34.74381         4.55619
  395         41.40000        31.85827         9.54173
  396         19.50000        21.59471        -2.09471
  397         16.80000        21.12766        -4.32766
  398         19.10000        24.61775        -5.51775
  399         32.00000        20.23072        11.76928
  400         20.50000        22.29738        -1.79738
  401         15.50000        23.24264        -7.74264
  402         19.80000        23.94224        -4.14224
  403         26.50000        20.70773         5.79227
  404         32.60000        26.41877         6.18123
  405         31.60000        26.24269         5.35731
  406         22.20000        21.78110         0.41890
  407         18.00000        25.73584        -7.73584
  408         31.50000        25.01638         6.48362
  409         13.40000        22.04650        -8.64650
  410         21.10000        24.38810        -3.28810
  411         19.50000        21.32423        -1.82423
  412         26.30000        26.35212        -0.05212
  413         27.90000        19.71565         8.18435
  414         17.70000        19.53834        -1.83834
  415         24.90000        20.77685         4.12315
  416         42.50000        38.23321         4.26679
  417         36.30000        37.38170        -1.08170
  418         22.30000        24.07483        -1.77483
  419         14.40000        21.46999        -7.06999
  420         14.90000        22.68179        -7.78179
  421         37.40000        26.49999        10.90001
  422         24.70000        23.58732         1.11268
  423         15.80000        24.43802        -8.63802
  424         24.50000        21.08134         3.41866
  425         21.40000        21.97393        -0.57393
  426         32.40000        30.98891         1.41109
  427         32.20000        32.59765        -0.39765
  428         36.40000        20.62593        15.77407
  429         28.60000        23.17283         5.42717
  430         18.90000        28.73841        -9.83841
  431         21.30000        19.61174         1.68826
  432         31.60000        25.69553         5.90447
  433          6.60000        21.97803       -15.37803
  434         14.40000        20.18471        -5.78471
  435         22.60000        26.15058        -3.55058
  436         14.50000        20.52544        -6.02544
  437         33.80000        29.54292         4.25708
  438         35.00000        28.99576         6.00424
  439         20.20000        19.52906         0.67094
  440         19.00000        20.51767        -1.51767
  441         32.20000        20.82777        11.37223
  442         16.20000        19.48889        -3.28889
  443         20.30000        19.76339         0.53661
  444         10.60000        19.37776        -8.77776
  445         33.00000        22.98052        10.01948
  446         28.20000        19.92001         8.27999
  447         32.30000        23.39200         8.90800
  448         26.00000        20.93812         5.06188
  449         25.50000        25.89711        -0.39711
  450         28.60000        21.20195         7.39805
  451         31.00000        21.52496         9.47504
  452         10.60000        23.34124       -12.74124
  453         17.30000        20.12883        -2.82883
  454         29.50000        20.70379         8.79621
  455         21.50000        20.40338         1.09662
  456         26.60000        20.76825         5.83175
  457         25.10000        31.41478        -6.31478
  458         31.30000        27.12966         4.17034
  459         15.80000        23.38550        -7.58550
  460         12.40000        22.25182        -9.85182
  461         20.50000        20.62672        -0.12672
  462         20.00000        19.27150         0.72850
  463         16.80000        20.82170        -4.02170
  464         35.20000        32.14878         3.05122
  465         47.50000        31.71214        15.78786
  466         37.40000        33.75460         3.64540
  467         30.90000        31.70086        -0.80086
  468         29.80000        23.73936         6.06064
  469         18.20000        23.27827        -5.07827
  470         17.00000        22.01909        -5.01909
  471         11.20000        26.75435       -15.55435
  472         37.50000        41.47099        -3.97099
  473         23.10000        19.62791         3.47209
  474          7.50000        19.39456       -11.89456
  475         24.00000        21.07048         2.92952
  476         37.90000        33.62646         4.27354
  477          7.40000        19.57666       -12.17666
  478         27.50000        23.02543         4.47457
  479         21.60000        18.75386         2.84614
  480         26.90000        19.00065         7.89935
  481         22.50000        18.63905         3.86095
  482         23.40000        20.52807         2.87193
  483         24.90000        22.77069         2.12931
  484          7.00000        22.52525       -15.52525
  485         23.90000        22.69479         1.20521
  486          6.60000        20.50449       -13.90449
  487         32.30000        23.31106         8.98894
  488         32.50000        21.25708        11.24292
  489         13.20000        18.60200        -5.40200
  490         17.00000        22.76308        -5.76308
  491         24.20000        20.39101         3.80899
  492         15.90000        20.47078        -4.57078
  493         22.30000        31.55266        -9.25266
  494         29.20000        32.83740        -3.63740
  495         27.30000        21.41504         5.88496
  496         56.80000        31.04264        25.75736
  497         47.30000        28.57265        18.72735
  498         27.10000        16.95826        10.14174
  499         16.50000        25.40755        -8.90755
  500         26.90000        23.98305         2.91695
  501         46.40000        33.51702        12.88298
  502         27.60000        22.74663         4.85337
  503          6.70000        22.85142       -16.15142
  504         11.30000        25.06126       -13.76126
  505         18.30000        16.95378         1.34622
  506         13.40000        20.82314        -7.42314
  507         13.60000        20.37269        -6.77269
  508         20.50000        20.32802         0.17198
  509         24.10000        24.66076        -0.56076
  510         22.30000        35.73381       -13.43381
  511         13.90000        22.34922        -8.44922
  512         15.10000        22.46705        -7.36705
  513         23.90000        24.62086        -0.72086
  514         37.70000        34.58660         3.11340
  515         35.10000        32.71068         2.38932
============================== END OF REPORT ================================



