>>06/15/2026 11:25:51 PM
REGRESSION
----------
SUMMARY OF OUTPUT: SPATIAL LAG MODEL - MAXIMUM LIKELIHOOD ESTIMATION
Data set            : districts_v5
Spatial Weight      : districts_dist
Dependent Variable  :    stunting  Number of Observations:  515
Mean dependent var  :      22.727  Number of Variables   :    4
S.D. dependent var  :     8.13211  Degrees of Freedom    :  511
Lag coeff.   (Rho)  :    0.606275

R-squared           :    0.412114  Log likelihood        :    -1679.01
Sq. Correlation     : -            Akaike info criterion :     3366.02
Sigma-square        :     38.8777  Schwarz criterion     :     3382.99
S.E of regression   :      6.2352

-----------------------------------------------------------------------------
       Variable       Coefficient     Std.Error       z-value    Probability
-----------------------------------------------------------------------------
        W_stunting      0.606275      0.0608096        9.97006     0.00000
          CONSTANT       5.80165        1.17553        4.93536     0.00000
          log_pusk      -3.88666        3.45385       -1.12531     0.26046
        poverty_ra      0.313854      0.0499912        6.27818     0.00000
-----------------------------------------------------------------------------

REGRESSION DIAGNOSTICS
DIAGNOSTICS FOR HETEROSKEDASTICITY 
RANDOM COEFFICIENTS
TEST                                     DF      VALUE        PROB
Breusch-Pagan test                       2        15.6995     0.00039

DIAGNOSTICS FOR SPATIAL DEPENDENCE
SPATIAL LAG DEPENDENCE FOR WEIGHT MATRIX : districts_dist
TEST                                     DF      VALUE        PROB
Likelihood Ratio Test                    1        99.6037     0.00000

COEFFICIENTS VARIANCE MATRIX
   CONSTANT    log_pusk  poverty_ra  W_stunting 
   1.381861   -0.396743    0.016333   -0.064483 
  -0.396743   11.929057    0.027954   -0.007518 
   0.016333    0.027954    0.002499   -0.001880 
  -0.064483   -0.007518   -0.001880    0.003698 


  OBS        stunting        PREDICTED        RESIDUAL       PRED ERROR
    1             25.6        24.63230        -1.37845         0.96770
    2             36.2        23.68300        10.85506        12.51700
    3             32.3        23.61055         6.21908         8.68945
    4               31        23.33747         4.87401         7.66253
    5             34.2        22.44252        10.46432        11.75748
    6             34.2        24.35495         8.22829         9.84505
    7             27.4        22.69696         3.17320         4.70304
    8             31.4        23.39834         6.12675         8.00166
    9             30.9        22.35706         7.14545         8.54294
   10             36.7        23.00125        12.15876        13.69875
   11             19.2        24.10377        -7.00059        -4.90377
   12             16.9        19.96408        -1.73676        -3.06408
   13               27        19.70395         5.95832         7.29605
   14             37.4        28.62587         3.24523         8.77413
   15             13.9        20.89900        -8.17523        -6.99900
   16             28.3        37.48121        -8.18033        -9.18121
   17              7.2        19.52065       -10.62029       -12.32065
   18               16        18.35392        -4.66051        -2.35392
   19             24.1        20.02800         5.22479         4.07200
   20             30.8        21.19256        10.93576         9.60744
   21             28.7        21.38177         6.38665         7.31823
   22             28.4        22.93808         5.01477         5.46192
   23             26.6        23.21628         2.19459         3.38372
   24             21.2        19.78756         2.96434         1.41244
   25             19.9        19.29537         2.30669         0.60463
   26             24.6        19.77027         6.84151         4.82973
   27             21.2        20.43128         2.35778         0.76872
   28             17.6        24.41552        -3.55723        -6.81552
   29              8.3        20.53808       -10.28404       -12.23808
   30             32.3        17.71846        12.24244        14.58154
   31             20.6        22.79747         0.45739        -2.19747
   32             24.3        21.64072         0.00691         2.65928
   33             16.5        21.93499        -2.73862        -5.43499
   34             16.8        18.72876        -0.15037        -1.92876
   35             19.6        21.87754        -0.13708        -2.27754
   36             17.6        20.70228        -0.07092        -3.10228
   37             16.5        18.22875        -4.25743        -1.72875
   38             33.3        18.52543        12.87406        14.77457
   39             21.7        18.81735         0.71442         2.88265
   40             20.4        18.70891        -0.44763         1.69109
   41             26.9        21.70693         2.51954         5.19307
   42             20.7        21.07594         2.25718        -0.37594
   43             18.4        18.47938         0.81188        -0.07938
   44               23        21.75903        -0.05980         1.24097
   45             18.2        19.34050         0.06968        -1.14050
   46             18.1        19.92094        -1.50813        -1.82094
   47             17.1        20.00513        -3.55332        -2.90513
   48             44.3        27.35191        13.15222        16.94809
   49             32.8        24.70493         6.06871         8.09507
   50             12.5        19.64270        -8.13517        -7.14270
   51             23.4        19.37946         0.09779         4.02054
   52             18.3        23.77975        -3.56317        -5.47975
   53             23.4        21.87908         3.32876         1.52092
   54             20.7        21.93703         0.47970        -1.23703
   55             23.4        18.78097         5.03720         4.61903
   56             20.6        36.20316       -10.82878       -15.60316
   57             23.8        25.71899        -4.65267        -1.91899
   58             16.3        19.74411        -1.57840        -3.44411
   59             27.1        22.98638         2.04385         4.11362
   60             17.8        21.14853        -0.38777        -3.34853
   61             21.7        22.08952         2.15681        -0.38952
   62                8        24.26697       -17.26913       -16.26697
   63             18.9        19.96153         0.19476        -1.06153
   64               12        22.37880        -7.69263       -10.37880
   65             19.3        21.14152        -2.87699        -1.84152
   66             23.6        22.21487         0.43118         1.38513
   67             18.8        20.44405        -2.46321        -1.64405
   68             26.3        21.20130         4.29597         5.09870
   69             24.7        22.55333         0.03846         2.14667
   70             11.2        22.63115        -8.18292       -11.43115
   71               26        22.14345         1.35116         3.85655
   72               23        23.15546        -0.96993        -0.15546
   73             30.2        34.55339        -2.20456        -4.35339
   74             24.5        21.41877         5.75803         3.08123
   75             23.1        22.72217         2.29072         0.37783
   76             14.8        20.48531        -3.53371        -5.68531
   77             25.2        21.25048         1.28098         3.94952
   78             15.9        19.69030        -4.10196        -3.79030
   79             20.4        19.82657         0.93805         0.57343
   80             36.9        23.54779        12.91782        13.35221
   81             25.4        25.48606        -2.07927        -0.08606
   82             39.7        25.08407        13.92836        14.61593
   83             28.8        24.10704         2.29835         4.69296
   84             38.9        24.02499        12.72303        14.87501
   85             31.8        23.80016         6.16847         7.99984
   86             30.5        24.00212         4.38562         6.49788
   87             20.3        20.45315         1.30751        -0.15315
   88              7.2        21.14442       -12.82737       -13.94442
   89             15.6        21.23504        -3.67888        -5.63504
   90               18        21.25699        -1.87479        -3.25699
   91               29        21.30356         6.22464         7.69644
   92             30.6        40.41202        -8.16194        -9.81202
   93             19.6        19.96291        -1.80751        -0.36291
   94               10        22.07100        -9.41197       -12.07100
   95             20.5        19.50867         1.17633         0.99133
   96             55.8        37.71223        21.37508        18.08777
   97             19.8        25.26677        -8.66136        -5.46677
   98             29.6        23.79453         3.20751         5.80547
   99             31.9        22.07242        11.88947         9.82758
  100             30.7        29.86371        -1.27411         0.83629
  101             34.3        22.44967         9.31766        11.85033
  102               21        32.21628        -8.48339       -11.21628
  103             31.3        26.64395         0.46807         4.65605
  104             14.2        21.05549        -5.77965        -6.85549
  105             20.6        24.63030        -5.80230        -4.03030
  106              5.4        20.16891       -12.97978       -14.76891
  107             28.3        23.74600         3.92188         4.55400
  108             25.6        24.02674         0.92499         1.57326
  109               17        21.29197        -7.08092        -4.29197
  110             15.2        21.85439        -3.64415        -6.65439
  111             25.6        22.05657         6.11100         3.54343
  112             14.1        18.96449        -7.30018        -4.86449
  113             19.7        18.67416         3.61503         1.02584
  114             22.1        20.63612         0.91478         1.46388
  115             32.3        20.41839        11.54553        11.88161
  116             19.7        21.61441        -3.28464        -1.91441
  117             24.3        21.35546         2.47767         2.94454
  118             21.8        19.59022         1.54542         2.20978
  119             19.8        17.85775        -0.66970         1.94225
  120             19.6        18.42243        -1.49557         1.17757
  121             27.6        18.35720         6.98361         9.24280
  122             18.3        21.31085        -4.67692        -3.01085
  123               25        19.52145         6.72749         5.47855
  124               20        19.76551         0.72777         0.23449
  125              9.8        21.58758       -10.61560       -11.78758
  126             48.4        41.05894         9.25102         7.34106
  127             22.5        32.29037        -9.38918        -9.79037
  128             41.3        37.38855         6.06697         3.91145
  129             30.4        21.54688        12.54789         8.85312
  130              7.5        20.19357       -10.02794       -12.69357
  131               37        22.71815        11.91861        14.28185
  132             15.6        20.50880        -2.18873        -4.90880
  133             17.2        21.29713        -1.19740        -4.09713
  134             20.2        31.20468        -8.19935       -11.00468
  135             16.2        19.72131        -4.44348        -3.52131
  136             22.5        18.70549         1.38111         3.79451
  137             23.6        19.84461         2.41398         3.75539
  138             17.4        21.37066        -1.46149        -3.97066
  139               13        21.03294        -5.75269        -8.03294
  140             17.6        20.23918        -1.37431        -2.63918
  141             21.4        19.56961         3.53086         1.83039
  142             17.6        21.19433        -5.08277        -3.59433
  143             19.6        18.79543        -1.36255         0.80457
  144             15.9        23.87724        -5.92318        -7.97724
  145             23.8        20.29255         0.44402         3.50745
  146               18        22.87219        -2.33814        -4.87219
  147              7.9        21.81889       -11.12964       -13.91889
  148             24.4        33.17130        -8.38226        -8.77130
  149             19.2        21.20549         0.68938        -2.00549
  150             19.9        20.90878        -1.23795        -1.00878
  151               17        21.97371        -3.03990        -4.97371
  152             15.8        19.61367        -1.61584        -3.81367
  153             37.6        32.69010         4.97870         4.90990
  154             26.2        21.94115         2.52993         4.25885
  155               18        24.15658        -6.21382        -6.15658
  156             24.2        21.68599         3.30926         2.51401
  157             25.7        23.41758        -0.49674         2.28242
  158             22.5        22.20855        -3.75750         0.29145
  159             11.6        20.98334        -9.29313        -9.38334
  160             29.5        24.24363         7.54112         5.25637
  161             33.5        37.68168        -1.19608        -4.18168
  162             16.4        20.52740        -3.85968        -4.12740
  163             17.9        20.15361        -5.24655        -2.25361
  164             20.8        22.05537         1.31609        -1.25537
  165              5.2        20.59233       -13.36107       -15.39233
  166             29.7        22.58519         4.80766         7.11481
  167               22        23.33335        -3.62042        -1.33335
  168             23.6        23.35731        -2.28044         0.24269
  169               25        23.47134        -0.54501         1.52866
  170             26.5        24.31931         0.02652         2.18069
  171             21.3        23.03599        -3.87487        -1.73599
  172               27        23.21725         1.85095         3.78275
  173             17.4        16.84502         1.93978         0.55498
  174             20.3        16.84401         4.87158         3.45599
  175             14.9        16.78386        -0.52508        -1.88386
  176             16.4        17.15045         0.56183        -0.75045
  177             19.7        18.49697         2.59465         1.20303
  178             19.7        23.57017        -6.82864        -3.87017
  179             24.8        17.52950         4.48175         7.27050
  180             23.7        20.76301        -0.19390         2.93699
  181             14.8        20.25152        -3.90343        -5.45152
  182             22.8        18.35286         5.63238         4.44714
  183             18.8        19.74650         0.57947        -0.94650
  184             15.4        16.81503        -3.94791        -1.41503
  185             26.5        17.60613         6.64519         8.89387
  186               14        19.21367        -3.16872        -5.21367
  187             24.5        19.49122         8.16142         5.00878
  188             29.8        21.78024         5.75091         8.01976
  189             11.7        18.45212        -5.52358        -6.75212
  190             16.1        22.42107        -4.61878        -6.32107
  191             28.4        24.04836         1.84245         4.35164
  192             25.6        20.57591         3.74929         5.02409
  193             25.1        20.35419         3.95533         4.74581
  194             11.4        20.43157        -6.14435        -9.03157
  195             21.1        19.04524         3.34479         2.05476
  196             20.7        18.47419        -1.32991         2.22581
  197             16.8        18.93752        -3.17990        -2.13752
  198               19        18.91869         1.60185         0.08131
  199             22.3        18.36709         5.07752         3.93291
  200             14.9        19.19698        -2.92308        -4.29698
  201             10.4        19.29265        -7.12062        -8.89265
  202             12.5        18.47470        -4.71799        -5.97470
  203             16.9        18.92858        -2.93536        -2.02858
  204             31.2        20.22440        10.49922        10.97560
  205             17.4        23.12121        -7.75691        -5.72121
  206             10.3        20.70120        -9.37567       -10.40120
  207             24.1        31.24300        -7.19543        -7.14300
  208             17.6        20.22094         0.15772        -2.62094
  209             24.4        20.78176         1.89077         3.61824
  210             23.1        20.53591         1.95170         2.56409
  211             26.9        25.54088        -3.30117         1.35912
  212             15.6        22.11484        -8.22003        -6.51484
  213             20.8        22.48941        -3.94067        -1.68941
  214             20.9        18.79543         4.01274         2.10457
  215             11.8        20.02565        -5.62379        -8.22565
  216             15.3        20.21423        -2.29609        -4.91423
  217             22.9        19.59544         0.48068         3.30456
  218             22.8        19.05696         7.02220         3.74304
  219             18.8        19.85904        -1.46053        -1.05904
  220             23.5        20.21994         6.14293         3.28006
  221             15.4        20.85178        -6.88302        -5.45178
  222             14.8        20.16068        -3.89592        -5.36068
  223             11.7        20.16855        -5.54619        -8.46855
  224             20.6        18.90780         1.00423         1.69220
  225               19        19.07008        -1.05608        -0.07008
  226             30.3        18.35144        10.92321        11.94856
  227               20        21.25758         0.95453        -1.25758
  228             19.1        18.15581        -1.36828         0.94419
  229             10.6        21.30198        -8.84810       -10.70198
  230             22.7        21.46665        -1.29723         1.23335
  231             25.6        21.02112         1.35729         4.57888
  232             17.3        19.58264        -0.83257        -2.28264
  233             26.1        20.38493         2.88559         5.71507
  234             15.7        19.04311        -4.43411        -3.34311
  235             18.3        20.34164         1.47893        -2.04164
  236             16.4        19.37570        -3.80767        -2.97570
  237             19.3        20.57250         1.32605        -1.27250
  238             14.5        18.66243        -4.86256        -4.16243
  239             12.2        18.85664        -8.11091        -6.65664
  240             22.3        18.36369         0.29610         3.93631
  241             11.6        21.79762        -8.26393       -10.19762
  242             23.1        20.54672         6.26426         2.55328
  243             23.4        24.09065        -4.37680        -0.69065
  244               14        18.56153        -1.85868        -4.56153
  245             20.3        18.31904        -1.37950         1.98096
  246               20        17.83346         1.88662         2.16654
  247             11.2        19.20379        -5.30896        -8.00379
  248             22.9        19.73225         4.62560         3.16775
  249             18.1        21.86876        -5.30601        -3.76876
  250             21.9        18.86133        -0.65014         3.03867
  251             18.6        18.72132        -0.56193        -0.12132
  252             29.3        30.08259         0.79826        -0.78259
  253             27.5        23.43890         2.54339         4.06110
  254             19.7        19.81303         1.20480        -0.11303
  255                8        19.11355       -10.90041       -11.11355
  256              8.5        18.69935        -7.14377       -10.19935
  257             16.2        20.25736        -1.54244        -4.05736
  258             11.2        19.50966        -6.96474        -8.30966
  259             10.5        17.99148        -6.19380        -7.49148
  260              5.6        21.84009       -17.43572       -16.24009
  261             12.9        19.66884        -5.31626        -6.76884
  262             12.6        18.97277        -6.94537        -6.37277
  263             19.6        21.53914        -0.67929        -1.93914
  264             17.6        21.53854        -5.29794        -3.93854
  265               18        20.61194        -0.58120        -2.61194
  266             16.6        19.30127        -2.96539        -2.70127
  267             16.6        20.19756        -4.63105        -3.59756
  268             10.8        20.06252        -9.91269        -9.26252
  269             25.2        30.15216        -3.17704        -4.95216
  270             14.8        18.35926        -0.83032        -3.55926
  271             23.2        16.87923         3.43447         6.32077
  272             16.5        18.80307        -4.78077        -2.30307
  273             21.6        18.94892         0.28881         2.65108
  274             23.1        20.12543         2.97263         2.97457
  275             30.2        18.88859         8.07781        11.31141
  276             13.2        20.73787        -5.06200        -7.53787
  277               18        23.10332        -2.45189        -5.10332
  278             22.7        21.56893         2.60197         1.13107
  279             39.5        29.61511         5.65534         9.88489
  280             27.6        19.81948         5.98150         7.78052
  281             14.3        19.38938        -7.95038        -5.08938
  282             26.9        19.88177         6.02785         7.01823
  283             25.3        18.29365         6.24160         7.00635
  284               22        18.25703         2.97466         3.74297
  285             17.5        18.59006        -2.31692        -1.09006
  286             12.9        23.06554        -8.18921       -10.16554
  287             18.3        18.56016        -2.26872        -0.26016
  288              6.9        22.51761       -12.84542       -15.61761
  289             20.5        21.82871         0.22584        -1.32871
  290             10.4        21.86583       -10.25146       -11.46583
  291             15.5        21.20548        -4.46412        -5.70548
  292               14        21.93953        -6.61439        -7.93953
  293               20        23.28227        -1.92630        -3.28227
  294             28.6        20.40124         4.52529         8.19876
  295               16        21.80467        -7.34579        -5.80467
  296             35.4        38.42494        -1.33171        -3.02494
  297             32.4        20.51311        13.34377        11.88689
  298             22.7        21.83731         2.24618         0.86269
  299             25.7        30.18295        -9.05998        -4.48295
  300             26.6        19.79800         5.73928         6.80200
  301             19.8        20.87120         0.38260        -1.07120
  302             27.3        22.76677         7.68069         4.53323
  303             24.9        22.45662         5.28420         2.44338
  304               33        23.38598        13.02555         9.61402
  305             35.3        25.55072        12.78268         9.74928
  306             23.4        21.41665         5.68848         1.98335
  307             23.6        22.62711        -1.53790         0.97289
  308             21.8        21.21930        -1.98916         0.58070
  309             23.6        22.70149        -1.68530         0.89851
  310             12.1        22.02028        -7.31480        -9.92028
  311             19.3        21.66854         0.21910        -2.36854
  312             10.3        21.60987        -8.79376       -11.30987
  313             23.2        20.53716         0.24569         2.66284
  314               18        21.36761        -2.09027        -3.36761
  315             37.5        23.10439        11.45025        14.39561
  316             31.6        27.46883        -1.43898         4.13117
  317             23.3        21.43747         5.23871         1.86253
  318               26        19.30918         7.43527         6.69082
  319             23.8        31.06079       -17.53599        -7.26079
  320               27        27.64664        -2.39156        -0.64664
  321             28.1        30.68487        -0.52271        -2.58487
  322             35.7        23.42994         9.58507        12.27006
  323             33.8        39.59232        -3.49731        -5.79232
  324               42        38.42796         5.59712         3.57204
  325             38.7        21.43223        14.84284        17.26777
  326             31.5        21.54470         7.30431         9.95530
  327             22.2        20.75077         0.13648         1.44923
  328               41        28.48094        10.63533        12.51906
  329             31.1        27.78955         1.02691         3.31045
  330             38.8        30.14189         6.62808         8.65811
  331             23.5        32.31958        -5.25636        -8.81958
  332             26.4        35.29821        -4.76182        -8.89821
  333             29.9        36.62100        -5.04888        -6.72100
  334             22.4        21.95460        -2.29968         0.44540
  335             30.7        35.14516        -1.98932        -4.44516
  336             35.2        20.76173        12.95445        14.43827
  337             28.6        18.98119         6.83445         9.61881
  338              9.6        20.81955       -10.73912       -11.21955
  339             18.5        31.30921        -8.71572       -12.80921
  340             11.1        20.19088        -7.73938        -9.09088
  341             28.4        33.60703        -3.94749        -5.20703
  342             19.4        20.52431        -1.52778        -1.12431
  343             28.1        21.26488         6.67294         6.83512
  344             27.4        18.84817         7.96871         8.55183
  345             21.9        21.89711        -0.36640         0.00289
  346             18.9        20.45115        -2.50504        -1.55115
  347             15.2        21.50235        -3.36069        -6.30235
  348             22.6        22.72262        -2.34554        -0.12262
  349             20.4        22.68939        -4.09375        -2.28939
  350             20.4        21.71140         0.59749        -1.31140
  351             18.8        19.83939         0.26769        -1.03939
  352               22        21.47329         1.15079         0.52671
  353               25        23.58900        -0.81342         1.41100
  354             28.4        23.60671         2.71123         4.79329
  355             15.8        19.31975        -6.40848        -3.51975
  356             14.8        21.74581        -5.41951        -6.94581
  357             19.3        22.67461        -1.62353        -3.37461
  358               22        23.40298        -0.15161        -1.40298
  359             21.7        35.79665       -10.81520       -14.09665
  360             35.5        24.49188         8.89348        11.00812
  361               25        26.89524        -4.36243        -1.89524
  362             18.5        19.16247        -4.63312        -0.66247
  363               36        38.72864        -1.45141        -2.72864
  364             28.9        26.60278        -0.01111         2.29722
  365             22.8        21.95756         3.64186         0.84244
  366             11.4        23.00399        -9.09029       -11.60399
  367             26.1        23.27794         0.87469         2.82206
  368             34.4        25.90449         6.04490         8.49551
  369             37.6        23.51277        11.90101        14.08723
  370             25.8        25.42786        -1.45003         0.37214
  371             21.7        19.05286         3.90473         2.64714
  372             27.4        22.41475         6.87263         4.98525
  373             24.3        22.33893         3.87081         1.96107
  374               22        21.96815         2.04840         0.03185
  375             16.6        21.78417        -3.13988        -5.18417
  376             17.4        21.48378        -2.35887        -4.08378
  377             11.7        22.83005        -8.67292       -11.13005
  378             25.2        20.54100         3.49282         4.65900
  379               30        20.79803         8.25645         9.20197
  380             26.6        19.65170         6.06608         6.94830
  381             27.5        21.03150         4.78586         6.46850
  382             22.3        22.77970         3.48203        -0.47970
  383             26.4        20.63189         7.27499         5.76811
  384             17.3        20.72319        -1.92233        -3.42319
  385             25.2        22.81094        -0.37735         2.38906
  386             29.6        40.11305        -8.88658       -10.51305
  387             22.3        23.76661        -3.34936        -1.46661
  388             29.1        19.98579         7.99594         9.11421
  389             26.6        20.07848         5.03154         6.52152
  390             36.7        19.08298        15.11275        17.61702
  391             23.4        19.43664         1.76671         3.96336
  392             26.1        21.25800         8.40972         4.84200
  393             16.5        21.30517        -2.30249        -4.80517
  394             39.3        36.38882         6.98241         2.91118
  395             41.4        35.70241         7.34629         5.69759
  396             19.5        21.16617         0.93069        -1.66617
  397             16.8        20.10042        -3.10393        -3.30042
  398             19.1        22.68431        -1.28334        -3.58431
  399               32        18.85731        10.87656        13.14269
  400             20.5        21.62097         0.65480        -1.12097
  401             15.5        21.63569        -4.45117        -6.13569
  402             19.8        22.54909        -1.26738        -2.74909
  403             26.5        20.10857         6.44397         6.39143
  404             32.6        25.13539         4.97074         7.46461
  405             31.6        25.04236         4.03759         6.55764
  406             22.2        21.81686        -2.42043         0.38314
  407               18        24.33706        -7.41619        -6.33706
  408             31.5        23.45581         5.05573         8.04419
  409             13.4        21.55433        -5.51363        -8.15433
  410             21.1        23.45452        -4.93791        -2.35452
  411             19.5        20.65190         0.25067        -1.15190
  412             26.3        23.86533         6.37404         2.43467
  413             27.9        18.42562         7.56088         9.47438
  414             17.7        19.65162        -1.00077        -1.95162
  415             24.9        21.30319         1.39214         3.59681
  416             42.5        40.19718         3.98550         2.30282
  417             36.3        39.74683        -1.93845        -3.44683
  418             22.3        22.45600         2.26750        -0.15600
  419             14.4        20.57200        -4.98301        -6.17200
  420             14.9        21.75613        -4.35031        -6.85613
  421             37.4        29.56875         8.51372         7.83125
  422             24.7        22.38360         4.21598         2.31640
  423             15.8        22.84045        -4.54935        -7.04045
  424             24.5        20.21186         3.60529         4.28814
  425             21.4        20.66672        -0.32581         0.73328
  426             32.4        30.82783        -3.01645         1.57217
  427             32.2        31.85732        -3.06856         0.34268
  428             36.4        19.48780        14.47355        16.91220
  429             28.6        22.20402         4.91286         6.39598
  430             18.9        25.15844        -2.56139        -6.25844
  431             21.3        19.08767        -1.34696         2.21233
  432             31.6        33.16745        -0.54620        -1.56745
  433              6.6        21.25893       -13.75672       -14.65893
  434             14.4        19.35833        -8.87366        -4.95833
  435             22.6        23.84242         0.77940        -1.24242
  436             14.5        20.62708        -3.43640        -6.12708
  437             33.8        28.06160         3.04333         5.73840
  438               35        30.22291         5.72373         4.77709
  439             20.2        19.42177         2.20924         0.77823
  440               19        20.88689        -3.31612        -1.88689
  441             32.2        19.45279        11.22075        12.74721
  442             16.2        19.09313        -3.85878        -2.89313
  443             20.3        20.72841        -3.13263        -0.42841
  444             10.6        20.06517        -6.40284        -9.46517
  445               33        22.58897         7.76964        10.41103
  446             28.2        19.57915         8.60238         8.62085
  447             32.3        26.69725         2.25125         5.60275
  448               26        20.99589         3.71051         5.00411
  449             25.5        24.73654        -1.92000         0.76346
  450             28.6        21.67155         4.32050         6.92845
  451               31        20.07510         9.20128        10.92490
  452             10.6        22.27289        -8.58179       -11.67289
  453             17.3        20.40359        -0.37116        -3.10359
  454             29.5        19.93290         9.48343         9.56710
  455             21.5        19.92766         1.66269         1.57234
  456             26.6        21.32093         2.78378         5.27907
  457             25.1        33.66000        -6.99361        -8.56000
  458             31.3        31.50641         2.35972        -0.20641
  459             15.8        22.22859        -3.93853        -6.42859
  460             12.4        21.01257        -7.56578        -8.61257
  461             20.5        19.98662         1.78092         0.51338
  462               20        18.78040        -0.31534         1.21960
  463             16.8        20.83229        -1.51226        -4.03229
  464             35.2        30.93179         2.38740         4.26821
  465             47.5        30.43186        15.54991        17.06814
  466             37.4        31.96622         3.25745         5.43378
  467             30.9        31.01390        -2.51333        -0.11390
  468             29.8        23.80133         7.10379         5.99867
  469             18.2        23.08771        -3.40749        -4.88771
  470               17        20.88524        -2.62195        -3.88524
  471             11.2        24.12010       -10.17307       -12.92010
  472             37.5        40.97729         2.25422        -3.47729
  473             23.1        18.42556         2.54475         4.67444
  474              7.5        20.22661       -10.84534       -12.72661
  475               24        21.41153        -0.06748         2.58847
  476             37.9        35.12731         5.62634         2.77269
  477              7.4        18.91816       -12.61069       -11.51816
  478             27.5        22.48733         2.22490         5.01267
  479             21.6        17.78927         0.93915         3.81073
  480             26.9        19.01385         7.28148         7.88615
  481             22.5        17.70810         2.21929         4.79190
  482             23.4        19.97390         4.83368         3.42610
  483             24.9        21.44386         4.93892         3.45614
  484                7        21.16168       -13.20155       -14.16168
  485             23.9        21.49633         3.99560         2.40367
  486              6.6        20.28031       -15.03871       -13.68031
  487             32.3        22.20689         8.56850        10.09311
  488             32.5        20.95850        10.39637        11.54150
  489             13.2        17.80035        -7.37097        -4.60035
  490               17        21.29615        -3.09816        -4.29615
  491             24.2        20.00224         4.60118         4.19776
  492             15.9        20.25644        -2.28566        -4.35644
  493             22.3        34.64381        -8.50384       -12.34381
  494             29.2        36.44590        -3.86725        -7.24590
  495             27.3        21.03571         8.97403         6.26429
  496             56.8        30.79068        22.33007        26.00932
  497             47.3        29.33337        13.45263        17.96663
  498             27.1        18.74503         7.29205         8.35497
  499             16.5        24.15640        -9.66904        -7.65640
  500             26.9        23.71789         2.38866         3.18211
  501             46.4        37.37702        11.21330         9.02298
  502             27.6        22.35979         2.79702         5.24021
  503              6.7        22.00091       -12.72704       -15.30091
  504             11.3        23.21998        -9.21661       -11.91998
  505             18.3        18.24151         1.41027         0.05849
  506             13.4        20.42394        -5.75514        -7.02394
  507             13.6        20.64723        -4.37911        -7.04723
  508             20.5        21.11387        -3.30197        -0.61387
  509             24.1        24.08642        -2.99020         0.01358
  510             22.3        39.10517       -15.45034       -16.80517
  511             13.9        21.65878        -6.43560        -7.75878
  512             15.1        21.75109        -4.25963        -6.65109
  513             23.9        22.80043         3.68409         1.09957
  514             37.7        37.54278         1.56476         0.15722
  515             35.1        36.55383        -0.27404        -1.45383
============================== END OF REPORT ================================

