>>06/15/2026 11:26:27 PM
REGRESSION
----------
SUMMARY OF OUTPUT: SPATIAL ERROR MODEL - MAXIMUM LIKELIHOOD ESTIMATION 
Data set            : districts_v5
Spatial Weight      : districts_dist
Dependent Variable  :    stunting  Number of Observations:  515
Mean dependent var  :   22.726990  Number of Variables   :    3
S.D. dependent var  :    8.132115  Degrees of Freedom    :  512
Lag coeff. (Lambda) :    0.694806

R-squared           :    0.418713  R-squared (BUSE)      : - 
Sq. Correlation     : -            Log likelihood        :-1678.579319
Sigma-square        :     38.4413  Akaike info criterion :     3363.16
S.E of regression   :      6.2001  Schwarz criterion     :     3375.89

-----------------------------------------------------------------------------
       Variable       Coefficient     Std.Error       z-value    Probability
-----------------------------------------------------------------------------
          CONSTANT       18.2043        1.09326        16.6513     0.00000
          log_pusk      -1.00575        3.60513      -0.278978     0.78026
        poverty_ra      0.440276      0.0588416        7.48239     0.00000
            LAMBDA      0.694806      0.0642271         10.818     0.00000
-----------------------------------------------------------------------------

REGRESSION DIAGNOSTICS
DIAGNOSTICS FOR HETEROSKEDASTICITY 
RANDOM COEFFICIENTS
TEST                                     DF      VALUE        PROB
Breusch-Pagan test                       2        17.4938     0.00016

DIAGNOSTICS FOR SPATIAL DEPENDENCE 
SPATIAL ERROR DEPENDENCE FOR WEIGHT MATRIX : districts_dist
TEST                                     DF      VALUE        PROB
Likelihood Ratio Test                    1       100.4617     0.00000

COEFFICIENTS VARIANCE MATRIX
   CONSTANT    log_pusk  poverty_ra      LAMBDA 
   1.195222   -0.711111   -0.036556    0.000000 
  -0.711111   12.996996    0.037539    0.000000 
  -0.036556    0.037539    0.003462    0.000000 
   0.000000    0.000000    0.000000    0.004125 


  OBS        stunting        PREDICTED        RESIDUAL       PRED ERROR
    1             25.6        25.02818        -2.03494         0.57182
    2             36.2        24.05248        10.42338        12.14752
    3             32.3        23.06792         6.49358         9.23208
    4               31        22.76992         5.13881         8.23008
    5             34.2        22.55859        10.42672        11.64141
    6             34.2        25.71923         6.94705         8.48077
    7             27.4        22.97593         2.85215         4.42407
    8             31.4        23.61525         5.72789         7.78475
    9             30.9        22.51016         7.04802         8.38984
   10             36.7        23.15278        11.91119        13.54722
   11             19.2        24.48329        -7.60852        -5.28329
   12             16.9        23.14519        -3.86569        -6.24519
   13               27        20.83091         5.25992         6.16909
   14             37.4        26.25656         2.77103        11.14344
   15             13.9        21.36544        -8.47074        -7.46544
   16             28.3        30.73875        -5.73052        -2.43875
   17              7.2        19.02329        -9.52592       -11.82329
   18               16        20.24002        -5.62842        -4.24002
   19             24.1        20.85547         5.43970         3.24453
   20             30.8        22.54587        10.67193         8.25413
   21             28.7        20.94694         6.88859         7.75306
   22             28.4        23.26303         4.82492         5.13697
   23             26.6        23.79871         1.51564         2.80129
   24             21.2        20.27763         3.16379         0.92237
   25             19.9        19.48952         2.82274         0.41048
   26             24.6        20.03966         7.39402         4.56034
   27             21.2        21.15411         2.31312         0.04589
   28             17.6        26.23775        -4.44980        -8.63775
   29              8.3        20.32699        -9.45250       -12.02699
   30             32.3        19.40777        11.49677        12.89223
   31             20.6        24.04937         0.23403        -3.44937
   32             24.3        21.57789        -0.20774         2.72211
   33             16.5        23.19847        -3.03386        -6.69847
   34             16.8        18.20427         1.17344        -1.40427
   35             19.6        23.10757        -0.33514        -3.50757
   36             17.6        20.89507         0.56981        -3.29507
   37             16.5        20.09813        -5.22750        -3.59813
   38             33.3        20.37794        12.00747        12.92206
   39             21.7        20.88339        -0.41730         0.81661
   40             20.4        20.63328        -1.44049        -0.23328
   41             26.9        21.72229         2.19868         5.17771
   42             20.7        21.63050         2.71567        -0.93050
   43             18.4        18.20132         1.78847         0.19868
   44               23        22.64766        -0.88486         0.35234
   45             18.2        20.10554         0.37178        -1.90554
   46             18.1        21.03875        -2.19069        -2.93875
   47             17.1        21.14971        -4.22181        -4.04971
   48             44.3        23.82209        14.44311        20.47791
   49             32.8        25.33620         5.23901         7.46380
   50             12.5        20.88032        -8.93854        -8.38032
   51             23.4        20.77071        -0.89138         2.62929
   52             18.3        25.12457        -4.07474        -6.82457
   53             23.4        22.49166         3.52148         0.90834
   54             20.7        22.63739         0.58088        -1.93739
   55             23.4        20.15875         4.74870         3.24125
   56             20.6        29.53256        -7.57112        -8.93256
   57             23.8        23.74020        -3.78647         0.05980
   58             16.3        20.30285        -0.96251        -4.00285
   59             27.1        22.73575         2.06102         4.36425
   60             17.8        21.53427         0.17096        -3.73427
   61             21.7        22.86187         2.29474        -1.16187
   62                8        25.41103       -18.33988       -17.41103
   63             18.9        20.95169         0.30369        -2.05169
   64               12        23.25610        -7.64805       -11.25610
   65             19.3        21.27617        -2.88449        -1.97617
   66             23.6        22.83200        -0.06088         0.76800
   67             18.8        20.54186        -2.39998        -1.74186
   68             26.3        21.35040         4.32509         4.94960
   69             24.7        22.66835        -0.36949         2.03165
   70             11.2        23.57304        -8.26142       -12.37304
   71               26        22.22288         0.96857         3.77712
   72               23        23.99245        -1.67984        -0.99245
   73             30.2        27.87272         0.26548         2.32728
   74             24.5        22.03358         6.11883         2.46642
   75             23.1        24.43244         1.59795        -1.33244
   76             14.8        20.48990        -2.87856        -5.68990
   77             25.2        20.87148         1.37240         4.32852
   78             15.9        21.40023        -4.84052        -5.50023
   79             20.4        20.47986         0.96777        -0.07986
   80             36.9        23.69890        13.00292        13.20110
   81             25.4        24.85683        -2.54918         0.54317
   82             39.7        24.73741        13.45546        14.96259
   83             28.8        24.13037         1.94249         4.66963
   84             38.9        24.20381        12.21653        14.69619
   85             31.8        24.09677         5.59414         7.70323
   86             30.5        24.02128         4.12160         6.47872
   87             20.3        21.36545         1.38643        -1.06545
   88              7.2        22.52501       -13.13374       -15.32501
   89             15.6        22.33950        -3.75849        -6.73950
   90               18        22.67250        -2.31444        -4.67250
   91               29        21.27739         6.36182         7.72261
   92             30.6        34.62214        -6.66469        -4.02214
   93             19.6        19.57274        -1.34815         0.02726
   94               10        22.97881        -9.33783       -12.97881
   95             20.5        20.23359         1.15036         0.26641
   96             55.8        31.12195        24.00748        24.67805
   97             19.8        23.10894        -7.47006        -3.30894
   98             29.6        24.65851         2.10366         4.94149
   99             31.9        22.81835        11.98304         9.08165
  100             30.7        27.58557        -0.88116         3.11443
  101             34.3        22.90368         8.55918        11.39632
  102               21        26.94742        -6.15412        -5.94742
  103             31.3        22.99102         1.70116         8.30898
  104             14.2        22.33457        -6.04402        -8.13457
  105             20.6        25.58769        -6.83574        -4.98769
  106              5.4        19.82944       -12.03711       -14.42944
  107             28.3        24.75811         3.05949         3.54189
  108             25.6        25.20024        -0.11261         0.39976
  109               17        21.11996        -7.20576        -4.11996
  110             15.2        22.58022        -3.43342        -7.38022
  111             25.6        22.88241         6.23045         2.71759
  112             14.1        20.61687        -8.03562        -6.51687
  113             19.7        18.19883         5.04604         1.50117
  114             22.1        21.68154         0.21239         0.41846
  115             32.3        20.32174        11.94612        11.97826
  116             19.7        22.23719        -4.04861        -2.53719
  117             24.3        22.84431         1.30591         1.45569
  118             21.8        20.11917         1.39825         1.68083
  119             19.8        19.57143        -1.48515         0.22857
  120             19.6        20.41121        -2.60244        -0.81121
  121             27.6        20.30441         5.97370         7.29559
  122             18.3        21.63841        -4.87560        -3.33841
  123               25        20.38341         6.71145         4.61659
  124               20        20.77082         0.46860        -0.77082
  125              9.8        23.05513       -11.08652       -13.25513
  126             48.4        35.46747        10.52717        12.93253
  127             22.5        23.94077        -5.46499        -1.44077
  128             41.3        31.00671         8.18887        10.29329
  129             30.4        22.01661        13.02827         8.38339
  130              7.5        20.11066        -9.17697       -12.61066
  131               37        23.23221        11.13459        13.76779
  132             15.6        20.74658        -1.43734        -5.14658
  133             17.2        21.85550        -0.82080        -4.65550
  134             20.2        24.29316        -4.62492        -4.09316
  135             16.2        20.97311        -5.21976        -4.77311
  136             22.5        20.61644         0.37692         1.88356
  137             23.6        21.22440         1.99037         2.37560
  138             17.4        21.93156        -1.08328        -4.53156
  139               13        21.00893        -5.06867        -8.00893
  140             17.6        21.30422        -1.37531        -3.70422
  141             21.4        20.47501         3.57429         0.92499
  142             17.6        21.13559        -4.94474        -3.53559
  143             19.6        20.53773        -2.21495        -0.93773
  144             15.9        25.16865        -6.32243        -9.26865
  145             23.8        22.05594        -0.78850         1.74406
  146               18        24.17945        -2.64049        -6.17945
  147              7.9        22.51286       -10.90761       -14.61286
  148             24.4        26.02356        -5.84648        -1.62356
  149             19.2        21.89364         0.99376        -2.69364
  150             19.9        21.86736        -1.93773        -1.96736
  151               17        22.75145        -2.98873        -5.75145
  152             15.8        20.99521        -2.02939        -5.19521
  153             37.6        28.36733         5.82153         9.23267
  154             26.2        24.02420         0.85157         2.17580
  155               18        27.23404        -8.64889        -9.23404
  156             24.2        22.98437         2.51332         1.21563
  157             25.7        22.85670        -0.79820         2.84330
  158             22.5        21.57237        -3.80567         0.92763
  159             11.6        21.87220        -9.52367       -10.27220
  160             29.5        18.20427        11.62470        11.29573
  161             33.5        30.53157         2.26996         2.96843
  162             16.4        21.49229        -4.15883        -5.09229
  163             17.9        21.92016        -6.42106        -4.02016
  164             20.8        23.03024         1.28139        -2.23024
  165              5.2        20.47533       -12.66510       -15.27533
  166             29.7        22.69033         4.42332         7.00967
  167               22        23.73853        -4.29001        -1.73853
  168             23.6        23.90143        -3.14423        -0.30143
  169               25        23.82967        -1.15060         1.17033
  170             26.5        24.55304        -0.46848         1.94696
  171             21.3        23.12583        -4.26553        -1.82583
  172               27        23.43914         1.39903         3.56086
  173             17.4        19.30376         0.56509        -1.90376
  174             20.3        19.58242         3.21783         0.71758
  175             14.9        19.03887        -1.69782        -4.13887
  176             16.4        19.38281        -0.58549        -2.98281
  177             19.7        20.59997         1.58056        -0.89997
  178             19.7        20.07752        -4.61783        -0.37752
  179             24.8        19.02911         3.74114         5.77089
  180             23.7        20.27436        -0.06019         3.42564
  181             14.8        21.22132        -3.83767        -6.42132
  182             22.8        19.60919         5.41982         3.19081
  183             18.8        20.65306         0.67926        -1.85306
  184             15.4        18.18792        -4.39610        -2.78792
  185             26.5        20.00817         5.16727         6.49183
  186               14        19.86341        -2.74028        -5.86341
  187             24.5        19.41788         9.19132         5.08212
  188             29.8        21.16458         6.07243         8.63542
  189             11.7        19.72431        -5.71178        -8.02431
  190             16.1        23.40218        -4.79332        -7.30218
  191             28.4        21.37048         3.40028         7.02952
  192             25.6        20.27796         4.11919         5.32204
  193             25.1        20.75618         3.78275         4.34382
  194             11.4        20.99568        -5.77134        -9.59568
  195             21.1        20.57916         2.90813         0.52084
  196             20.7        19.56872        -2.03418         1.13128
  197             16.8        19.82774        -3.55589        -3.02774
  198               19        19.67048         1.96103        -0.67048
  199             22.3        19.76665         4.72832         2.53335
  200             14.9        21.57146        -4.33166        -6.67146
  201             10.4        19.05641        -6.28317        -8.65641
  202             12.5        19.14386        -4.29117        -6.64386
  203             16.9        19.55983        -3.15001        -2.65983
  204             31.2        20.38493        10.53481        10.81507
  205             17.4        24.29249        -8.88444        -6.89249
  206             10.3        21.53807        -9.52823       -11.23807
  207             24.1        23.50078        -4.17036         0.59922
  208             17.6        20.73718         0.57081        -3.13718
  209             24.4        19.99659         2.47859         4.40341
  210             23.1        20.46728         2.22292         2.63272
  211             26.9        21.46412        -1.67257         5.43588
  212             15.6        21.98623        -8.18194        -6.38623
  213             20.8        22.17115        -3.87062        -1.37115
  214             20.9        18.19881         5.46087         2.70119
  215             11.8        19.91694        -4.58638        -8.11694
  216             15.3        20.65225        -1.75993        -5.35225
  217             22.9        19.89106        -0.13882         3.00894
  218             22.8        19.67323         7.34456         3.12677
  219             18.8        20.28993        -1.60392        -1.48993
  220             23.5        21.02783         5.71444         2.47217
  221             15.4        21.27752        -7.28542        -5.87752
  222             14.8        21.02600        -3.77639        -6.22600
  223             11.7        20.37910        -4.82940        -8.67910
  224             20.6        19.77250         0.71380         0.82750
  225               19        20.31049        -1.78923        -1.31049
  226             30.3        18.20427        11.39661        12.09573
  227               20        21.58958         1.53192        -1.58958
  228             19.1        19.79700        -2.10833        -0.69700
  229             10.6        22.11013        -8.82709       -11.51013
  230             22.7        21.36177        -1.48258         1.33823
  231             25.6        20.50610         1.58180         5.09390
  232             17.3        20.14774        -0.72539        -2.84774
  233             26.1        20.10452         2.84367         5.99548
  234             15.7        19.89052        -4.77746        -4.19052
  235             18.3        20.85063         1.91951        -2.55063
  236             16.4        20.37023        -4.24702        -3.97023
  237             19.3        20.90756         2.02166        -1.60756
  238             14.5        19.58847        -5.27369        -5.08847
  239             12.2        18.20427        -7.31411        -6.00427
  240             22.3        19.81546        -0.66484         2.48454
  241             11.6        22.49471        -8.11834       -10.89471
  242             23.1        20.70943         7.04045         2.39057
  243             23.4        23.80143        -4.57372        -0.40143
  244               14        19.67648        -1.99828        -5.67648
  245             20.3        19.65802        -2.09212         0.64198
  246               20        18.19563         2.15140         1.80437
  247             11.2        19.70076        -4.82242        -8.50076
  248             22.9        20.62641         4.83835         2.27359
  249             18.1        22.73030        -5.98188        -4.63030
  250             21.9        20.08318        -1.43945         1.81682
  251             18.6        19.48547        -0.75794        -0.88547
  252             29.3        24.08997         3.66122         5.21003
  253             27.5        24.31444         1.75909         3.18556
  254             19.7        21.14312         0.98942        -1.44312
  255                8        19.59917       -10.72391       -11.59917
  256              8.5        19.46666        -6.98502       -10.96666
  257             16.2        21.36005        -1.69695        -5.16005
  258             11.2        20.44516        -6.82057        -9.24516
  259             10.5        19.05788        -6.17158        -8.55788
  260              5.6        22.90201       -18.39358       -17.30201
  261             12.9        20.74491        -5.39004        -7.84491
  262             12.6        20.39509        -7.40113        -7.79509
  263             19.6        22.97685        -1.13409        -3.37685
  264             17.6        22.05227        -5.73637        -4.45227
  265               18        21.40947        -0.34299        -3.40947
  266             16.6        19.66860        -2.97109        -3.06860
  267             16.6        21.08249        -5.22168        -4.48249
  268             10.8        20.29750        -9.88968        -9.49750
  269             25.2        26.72842        -3.06662        -1.52842
  270             14.8        20.32074        -1.81620        -5.52074
  271             23.2        18.20362         2.99030         4.99638
  272             16.5        20.08392        -5.25350        -3.58392
  273             21.6        20.77107        -0.68487         0.82893
  274             23.1        21.28105         2.50691         1.81895
  275             30.2        19.96096         7.56456        10.23904
  276             13.2        21.08786        -4.47104        -7.88786
  277               18        24.57737        -2.96330        -6.57737
  278             22.7        22.93114         2.22836        -0.23114
  279             39.5        27.14969         5.64221        12.35031
  280             27.6        22.04089         4.72743         5.55911
  281             14.3        21.16128        -8.91294        -6.86128
  282             26.9        21.75675         5.11212         5.14325
  283             25.3        18.20427         6.61584         7.09573
  284               22        18.20394         3.39776         3.79606
  285             17.5        18.20427        -1.66841        -0.70427
  286             12.9        24.23164        -8.50603       -11.33164
  287             18.3        19.66999        -2.59014        -1.36999
  288              6.9        23.49563       -12.91846       -16.59563
  289             20.5        22.57334         0.35318        -2.07334
  290             10.4        23.50823       -10.91068       -13.10823
  291             15.5        22.42607        -4.74677        -6.92607
  292               14        23.55231        -7.24066        -9.55231
  293               20        25.15106        -2.87453        -5.15106
  294             28.6        22.12260         3.28293         6.47740
  295               16        21.91106        -7.42761        -5.91106
  296             35.4        32.11257         0.67105         3.28743
  297             32.4        21.73907        13.22900        10.66093
  298             22.7        22.65045         2.17840         0.04955
  299             25.7        28.44869       -10.02347        -2.74869
  300             26.6        20.88995         5.12983         5.71005
  301             19.8        22.21958        -0.20335        -2.41958
  302             27.3        23.42412         7.53187         3.87588
  303             24.9        22.88935         5.23898         2.01065
  304               33        24.15620        12.69944         8.84380
  305             35.3        27.32326        11.38530         7.97674
  306             23.4        21.98172         6.05671         1.41828
  307             23.6        23.03340        -2.25239         0.56660
  308             21.8        20.75331        -1.79457         1.04669
  309             23.6        22.93242        -2.17976         0.66758
  310             12.1        22.77863        -7.16926       -10.67863
  311             19.3        22.54798         0.29909        -3.24798
  312             10.3        22.21706        -8.49197       -11.91706
  313             23.2        22.64654        -1.00903         0.55346
  314               18        22.74200        -2.47876        -4.74200
  315             37.5        23.91904        10.24828        13.58096
  316             31.6        24.15227        -0.77131         7.44773
  317             23.3        22.06728         5.55106         1.23272
  318               26        20.65194         7.33286         5.34806
  319             23.8        30.37744       -20.80561        -6.57744
  320               27        25.56115        -2.12355         1.43885
  321             28.1        27.51852        -0.66353         0.58148
  322             35.7        24.21710         8.47655        11.48290
  323             33.8        33.65354        -1.84667         0.14646
  324               42        32.38114         7.33244         9.61886
  325             38.7        21.28179        14.75379        17.41821
  326             31.5        21.38160         7.18675        10.11840
  327             22.2        21.68685        -0.44528         0.51315
  328               41        26.16654        11.20444        14.83346
  329             31.1        25.28701         1.87487         5.81299
  330             38.8        28.55514         6.41657        10.24486
  331             23.5        25.85407        -2.02804        -2.35407
  332             26.4        29.87600        -2.62567        -3.47600
  333             29.9        30.73451        -3.47856        -0.83451
  334             22.4        22.10888        -2.75567         0.29112
  335             30.7        30.97226        -1.07755        -0.27226
  336             35.2        22.83136        11.71030        12.36864
  337             28.6        20.17903         6.22851         8.42097
  338              9.6        21.75516       -11.03459       -12.15516
  339             18.5        23.18365        -4.46456        -4.68365
  340             11.1        20.81070        -7.46808        -9.71070
  341             28.4        24.23599         1.26711         4.16401
  342             19.4        20.78687        -1.49727        -1.38687
  343             28.1        21.83887         6.41642         6.26113
  344             27.4        18.20427         8.82798         9.19573
  345             21.9        22.74351        -0.93504        -0.84351
  346             18.9        20.85688        -2.70649        -1.95688
  347             15.2        22.07021        -3.00202        -6.87021
  348             22.6        22.77433        -2.63990        -0.17433
  349             20.4        22.77433        -4.33266        -2.37433
  350             20.4        22.36383         0.77801        -1.96383
  351             18.8        20.10353         0.73926        -1.30353
  352               22        22.62879         0.68261        -0.62879
  353               25        23.66260        -1.20862         1.33740
  354             28.4        23.85055         2.14144         4.54945
  355             15.8        20.92914        -7.13467        -5.12914
  356             14.8        22.59361        -5.52300        -7.79361
  357             19.3        23.78223        -1.94886        -4.48223
  358               22        24.91847        -0.94665        -2.91847
  359             21.7        28.17634        -7.01429        -6.47634
  360             35.5        24.99331         8.17509        10.50669
  361               25        23.56682        -2.80209         1.43318
  362             18.5        20.32149        -5.36366        -1.82149
  363               36        32.68493         0.22981         3.31507
  364             28.9        23.14358         1.70890         5.75642
  365             22.8        22.63110         3.90522         0.16890
  366             11.4        24.18936        -9.37246       -12.78936
  367             26.1        24.59155        -0.39263         1.50845
  368             34.4        28.09726         3.89029         6.30274
  369             37.6        25.31872        10.36014        12.28128
  370             25.8        27.35678        -3.30695        -1.55678
  371             21.7        20.52363         3.61053         1.17637
  372             27.4        23.35065         6.76067         4.04935
  373             24.3        23.41713         3.65625         0.88287
  374               22        22.64144         2.22620        -0.64144
  375             16.6        22.24159        -2.69442        -5.64159
  376             17.4        22.10481        -2.13288        -4.70481
  377             11.7        23.91324        -8.86182       -12.21324
  378             25.2        21.42708         2.95824         3.77292
  379               30        21.74408         7.65099         8.25592
  380             26.6        20.78278         5.45926         5.81722
  381             27.5        21.02203         4.89986         6.47797
  382             22.3        23.82532         3.40405        -1.52532
  383             26.4        21.94956         7.06182         4.45044
  384             17.3        21.73257        -1.94955        -4.43257
  385             25.2        23.31146        -1.19571         1.88854
  386             29.6        34.19029        -7.25477        -4.59029
  387             22.3        24.15222        -3.85712        -1.85222
  388             29.1        20.85395         7.60784         8.24605
  389             26.6        20.97800         4.53717         5.62200
  390             36.7        18.20427        15.85506        18.49573
  391             23.4        21.78147         0.32765         1.61853
  392             26.1        21.81691         8.81347         4.28309
  393             16.5        21.82831        -1.88712        -5.32831
  394             39.3        31.79998         8.31510         7.50002
  395             41.4        29.59419         9.01509        11.80581
  396             19.5        21.74848         1.38005        -2.24848
  397             16.8        21.39178        -3.70955        -4.59178
  398             19.1        24.06697        -1.65028        -4.96697
  399               32        20.74091         9.90868        11.25909
  400             20.5        22.28562         0.80224        -1.78562
  401             15.5        23.01492        -4.78306        -7.51492
  402             19.8        23.54447        -1.38070        -3.74447
  403             26.5        21.07403         6.11226         5.42597
  404             32.6        25.44836         4.36747         7.15164
  405             31.6        25.30151         3.48610         6.29849
  406             22.2        21.89324        -2.82271         0.30676
  407               18        24.91407        -7.90161        -6.91407
  408             31.5        24.37451         3.74921         7.12549
  409             13.4        22.10298        -5.14272        -8.70298
  410             21.1        23.88382        -5.63631        -2.78382
  411             19.5        21.54873         0.36204        -2.04873
  412             26.3        25.38516         5.81707         0.91484
  413             27.9        20.31298         6.64102         7.58702
  414             17.7        20.18024        -0.81216        -2.48024
  415             24.9        21.12329         1.18678         3.77671
  416             42.5        34.46791         5.32963         8.03209
  417             36.3        33.81644        -0.41165         2.48356
  418             22.3        23.71363         2.01861        -1.41363
  419             14.4        21.66620        -5.00391        -7.26620
  420             14.9        22.62326        -4.23797        -7.72326
  421             37.4        25.49936        10.20246        11.90064
  422             24.7        23.34326         4.08122         1.35674
  423             15.8        23.93031        -4.74003        -8.13031
  424             24.5        21.35653         2.84805         3.14347
  425             21.4        22.03893        -1.29641        -0.63893
  426             32.4        28.93300        -3.70817         3.46700
  427             32.2        30.16878        -3.56483         2.03122
  428             36.4        21.00865        13.53042        15.39135
  429             28.6        22.95484         4.31281         5.64516
  430             18.9        27.26533        -3.73872        -8.36533
  431             21.3        20.23369        -1.99027         1.06631
  432             31.6        24.88325         3.43362         6.71675
  433              6.6        22.05024       -13.86383       -15.45024
  434             14.4        20.67354        -9.74721        -6.27354
  435             22.6        25.23822         0.20880        -2.63822
  436             14.5        20.96916        -2.79803        -6.46916
  437             33.8        27.82429         1.79074         5.97571
  438               35        27.40602         6.18892         7.59398
  439             20.2        20.17533         2.56049         0.02467
  440               19        20.92517        -3.27126        -1.92517
  441             32.2        21.16279        10.46238        11.03721
  442             16.2        20.14096        -4.42086        -3.94096
  443             20.3        20.36273        -3.08692        -0.06273
  444             10.6        20.12495        -5.52813        -9.52495
  445               33        22.81280         7.24628        10.18720
  446             28.2        20.47105         8.40961         7.72895
  447             32.3        23.15077         3.69435         9.14923
  448               26        21.24657         3.61346         4.75343
  449             25.5        25.03734        -2.28217         0.46266
  450             28.6        21.46323         4.24825         7.13677
  451               31        21.69556         8.39532         9.30444
  452             10.6        23.11487        -8.59162       -12.51487
  453             17.3        21.05848        -0.03843        -3.75848
  454             29.5        21.07346         9.00059         8.42654
  455             21.5        20.84439         1.38413         0.65561
  456             26.6        21.12920         2.68359         5.47080
  457             25.1        29.25518        -5.75758        -4.15518
  458             31.3        25.97953         4.75087         5.32047
  459             15.8        23.13911        -3.91584        -7.33911
  460             12.4        22.26476        -7.78998        -9.86476
  461             20.5        21.02306         1.85430        -0.52306
  462               20        19.97387        -0.60590         0.02613
  463             16.8        21.20121        -0.93527        -4.40121
  464             35.2        29.85042         1.90705         5.34958
  465             47.5        29.49811        14.98099        18.00189
  466             37.4        31.06792         2.45232         6.33208
  467             30.9        29.48934        -2.84948         1.41066
  468             29.8        23.39376         7.36106         6.40624
  469             18.2        23.03791        -3.36596        -4.83791
  470               17        22.08117        -2.78901        -5.08117
  471             11.2        25.69679       -10.96947       -14.49679
  472             37.5        36.94239         2.81427         0.55761
  473             23.1        20.25746         1.66574         2.84254
  474              7.5        20.06663       -10.05708       -12.56663
  475               24        21.39426        -0.34510         2.60574
  476             37.9        30.94584         6.60532         6.95416
  477              7.4        20.21077       -12.99763       -12.81077
  478             27.5        22.84428         1.54138         4.65572
  479             21.6        19.58130         0.00250         2.01870
  480             26.9        19.78121         7.12286         7.11879
  481             22.5        19.51831         1.31499         2.98169
  482             23.4        21.01241         4.89831         2.38759
  483             24.9        22.65037         4.74677         2.24963
  484                7        22.46137       -13.78133       -15.46137
  485             23.9        22.58941         3.70270         1.31059
  486              6.6        20.91612       -15.41140       -14.31612
  487             32.3        23.06050         7.89053         9.23950
  488             32.5        21.49261        10.12888        11.00739
  489             13.2        19.48081        -8.17544        -6.28081
  490               17        22.66713        -3.47780        -5.66713
  491             24.2        20.83189         4.44741         3.36811
  492             15.9        20.91126        -1.89927        -5.01126
  493             22.3        29.36080        -6.49962        -7.06080
  494             29.2        30.34266        -1.27503        -1.14266
  495             27.3        21.62613         9.37715         5.67387
  496             56.8        28.98719        21.66828        27.81281
  497             47.3        27.08424        13.07006        20.21576
  498             27.1        18.20427         8.08763         8.89573
  499             16.5        24.66311       -10.29403        -8.16311
  500             26.9        23.57536         2.78677         3.32464
  501             46.4        30.86219        13.45702        15.53781
  502             27.6        22.62903         2.25295         4.97097
  503              6.7        22.72988       -12.55593       -16.02988
  504             11.3        24.42028        -9.49363       -13.12028
  505             18.3        18.20362         2.38830         0.09638
  506             13.4        21.16212        -5.59808        -7.76212
  507             13.6        20.82568        -3.64920        -7.22568
  508             20.5        20.78351        -3.29576        -0.28351
  509             24.1        24.10175        -3.45217        -0.00175
  510             22.3        32.55716       -13.16686       -10.25716
  511             13.9        22.32524        -6.26675        -8.42524
  512             15.1        22.42440        -4.03455        -7.32440
  513             23.9        24.07456         3.39915        -0.17456
  514             37.7        31.68085         3.04864         6.01915
  515             35.1        30.24580         1.61120         4.85420
============================== END OF REPORT ================================

